0 0 0 0
0 1 2 1
0 2 0 0
0 3 4 1
0 4 5 1
0 5 6 1
0 6 7 1
0 7 8 1
0 8 9 1
1 0 4 1
1 1 5 1
1 2 7 1
1 3 0 0
1 4 8 1
1 5 0 0
1 6 2 1
1 7 3 1
1 8 6 1
2 0 6 1
2 1 8 1
2 2 9 1
2 3 2 1
2 4 3 1
2 5 7 1
2 6 0 0
2 7 4 1
2 8 0 0
3 0 0 0
3 1 0 0
3 2 5 1
3 3 3 1
3 4 6 1
3 5 2 1
3 6 9 1
3 7 7 1
3 8 4 1
4 0 2 1
4 1 7 1
4 2 4 1
4 3 0 0
4 4 9 1
4 5 0 0
4 6 6 1
4 7 5 1
4 8 3 1
5 0 3 1
5 1 9 1
5 2 6 1
5 3 5 1
5 4 7 1
5 5 4 1
5 6 8 1
5 7 0 0
5 8 0 0
6 0 0 0
6 1 4 1
6 2 0 0
6 3 6 1
6 4 1 1
6 5 8 1
6 6 3 1
6 7 9 1
6 8 7 1
7 0 7 1
7 1 6 1
7 2 1 1
7 3 0 0
7 4 4 1
7 5 0 0
7 6 5 1
7 7 2 1
7 8 8 1
8 0 9 1
8 1 3 1
8 2 8 1
8 3 7 1
8 4 2 1
8 5 5 1
8 6 0 0
8 7 6 1
8 8 0 0
